1111 111111111111111111111111111111111111111. 1111

11111111111111111111111111111111111. 111111, 111111111111 11 main. 11111111 1111111111 1111111

1111111111111111111111111111111111111111111111 11111 1111111 arienne. 1111111111 1111 11 111111, qun

111111111111111 1111111111 1111111111111111111111111111111
111 11111 111 11111111111111111111111111 11111111 pour 1111111111 sa 11111111.

(111111111111 11 1111111111 1111111 1111111 111111, 1111111111, 111 legitime 11111111, 1111111 111111 ’

mnes. Si (1111111111 1111111 1111111 dans 11111111. 11 1111111 1111 1111111111111111111111111111
111111151111111111111111111111111 111 1111111111 1111111 1111111. 11111111111111111111111111
1111111111111111.1·11111111 11 111 111111 nnumin 11111111111111111111111111,1111111111111111
61111 1111111111 111 1111111111 111 1111111111.11111 que 1111111111, qui 111 11111111 111, 11 1111111111
1111111111 111111111111111111111111111111, 1111 11111. Pone 1111111111, quelques 11111111 111·
11111 n'y 111111116111 111.1111.1.11111111111 1111111111 nunes 11 1111111111111 11 11113111, dont
1111111111111111111111111111111111111111111.1111 nne 11111111111111111111111 1111111111, 11111111 111
11111111111111111111111111111111111111111111111 clunis, 111 111111 111111 (n) 111 personne 11111111
11111111111111.1111 111111111111111 1111111111 11 111 11111111111111111111111111111111011. Qui.
111111111111111111 111 nus 1111111111 111 11111- 1111111 111111111111111111111, 111 Anne. 11111
1111. 81111111111111111111 111 occasion 1111111111 1111 sa 1111, 1111111111 1111111 11 1111 1111111 dn
1111 1111111 11 1111111111111111111 111111111111111, 111111.
on 11111 1111111111 1111111 dans 11111111111111 ’1111111111 11111 1111111111111111 1111111111 n
11111 1111111111 1111111111, 111111111111111,11111 11111111 111 1111111. Les 1111111111 1111111 111161
111111111111111111111,1111111111111111 pauvres, 11111111 11111111111111111111111 11111 1111111 111
1111111111 envers 11111 dnus 111111111111 111 1111111111 1111111111 111 1111 1111111 z 11 sang
11111111 111111 1111111111. 11111111 11 11 111111. ’1111111111 y 11111 1111111111,
1111111 11111111 111 11 11111111111111111111 antes 11 111111111ιί11111111111111111111 111111111111 1111
111111111111,1111111)111111·111-1 1111111111 1111111111111 111111 1111111111111. 11111 111 11116·
dans 11111111111111111111111111111111 1111111111 1111 1111111111111 11 1111111111 1111111 nour 11
11 1111111111111111 111111. 11111111 1111111111111 1111111111111111111111111111 1 1111111111 11111
111 1111111· 11 saint 1111111111 1111111111ιό 111111 11 Γ1111111111111 deson 111-111111 111111 «11111111
nonu, 11, 11111 1111111111 111111111111111, 11111 11 1111111 nn 111111 1111111, 11 111 11111111 11
111 1111111111 1111111111 1111111 1111. [1111111111. 111111111111111111111111111111.
11 1111111 inungente 11111 1111111111 11 Clonin 1 1111111111 111 11111 passer 111 1111111111111
ne 11111 111 1111111111. 111111, 111 avan 1111111 (1111111111111111111111111011111, ’111111111111-
1111111111 1. 1111 1111111111 1111111111111111111111, 111111111111111111 11 religion, 11101111111111111 11
1111 11111 1011111111, 1111111111 8111111111, 111 1111111111111, 111 1111111111111111111111 nn 11111111
11 1111111111. 111111 11 1111111111111111, 111 1111. 111111. 11 11 put 111111111111111111111111111111·
Gen 11). 111 111111 1111111111 1111 1111111111. 111 (111111111111111111111111 1111111111111511111111·
11111111 1111111111 1111111111111 quelques 1111111111. 1111111111111111111111111111111111111111111111
11111111 1111 1111111 111111111111111111111 11 111111 111 111 1111111111 1111111111. 8111111111
11111111111111111.11111111111111111111111111111 1111 nima 11 guerre. 1111111-11, 1111111111 annm
111111 1111111 1111111.’1111’11111111111111111. 11111 1111111111 1111111111 ne 11111111 qni 1111 menonem
11111111 1111111. 1 111111 11 ’1 [1111111111. 11 11111111 (1111 nnn 11111 .· n'enn'! pas 11111111 propos d'nnnm 111
11111111 11·1ι111111111111,11111111 11111111111111 111111111111111111111 111 penset 11 1111111111111·
111 y 111111,1111 11111111111’11111·11 nour 111111 1111111
leurs 1111111111, 1111111111 111 11111111 la 111111 1 11111 111 1111111111ς11111111111111111111111111111
11111 111 1111111111111 1111111111 1 1111111. nans 111 onnes 111111 ordre 111 se joindre 11 111111
1711 1111111111111 11111111 11111 111111 1111111 1111111111111111111111111111111. 11111 1111111111
1111111111, 1111111111 111 111111 111 01111111111111 11111111, 11 en peu 111 1111111111’1·111111 1111 ar·
11111111, 111 1111111 nnn· 1111111111 11 1111111111. 1111 111 111111-11111111 1111111111, 11 111111
111 1111111111 11111111111111111111111111111 des 1111 1111111111111.111 1111 1111111111111111
111111 1111111131 1111111111111111111111 nas long. (1111111111 8111111). D'abnrd 11 111111111111111111
11111111111111111111111111111111 1111111111 1 1111111111 snt 111111 111 (1111111 11 1111111111 111111
Clonin. 11 religion 11111111111111111 111· 11111111 111111 1111111 1111111 1111111 Provencn 11111 111·
11111;1110111111,1111111111111111111111111111111111 guenoe, 1 fenenna 111 11111111, 1111111111 111
11 11111111 11111111 (1111 11111 1111111111 111 111 1111111111111111111; 111111111111111111 11111111
11111111111111 111111111111111111111 11111 1111111- et (1161111111111. 1111 111 1111111111 11 1111 1111ῗυί·
11111, 1111111111111111 11111111 1111111111111111 11111111111111111111111111111.1111111111111.1.1; 11·
111 111 Euan. 11111111111111111111111111111. 111111 1111111111).
1111111, 1111111111 1111111111111111, 1111111111111 Quoi qn'en 11111 11111111, 11 1111111111 appa
111 11 1111111111, 1111111111 111 11111 111 611111,11 11111 1111 ’111111111111111111111 11111111 personne

11111111111111111111111.1111111111111111111111111-,1 11111 expedition. 111111 111 111 11111 11 nonduin

1111 gunni nnr 11111 5111111 1111111111111 1111- 11 1111 11111111, 11, 11111 11111111111111111, 11 111·
11111111 111-1111111111 1111111111, 111111 111 devoir 11111111111111111111111111111 11 111111, 111111
1111111111 11111111111111 1 11111 111 1111111111· 11111111111111111111.(11111111111111, 1111111111
11111111 1111111. 11111111 111111111111111111 11111111 1111111111, 1111 111 filonis, 11111111111111111111
’1111111111 1111111111 11 111111 1111111,11111111 1111111111 1111111 dans 1111111111 n⁸ 11111 11
1111111111 1111111111 1111111111 1111111111111111111 011111. 111 1111111111 1111 1111111111 11 nn 11111111
1111111151 Fran-0 qn'ns 1111111111. {nnn 111 11111- 11111111111111111111 Frnnnnls.
111111111111111111111111111111111111111111111111, 11 11111111 111 111 11111111 succes 111111 11111111·
11 1111111 111111 11111111111111111111111111111 111 1111111111 'a 11111111, 1111111111111. ne gonvnnt
11111111 111 1111111111 1111111111 11111111111111 1111111111 ’11111111 111 11111,11111 111111 nne·
1111111111 11 111 1111111111111111111111.11111111, son 1111 111 11111111 1111111111. 0111111, 8111111111·
1111 1111111, 111 1111111111111111 111111111111111111 1111111111 nn din-in 1111 11111111 sont 1111111111 necto·
111 111111, 11 1111111111 (1111111; 11 11 111 1111111 riennes. 1111111111ιά1 [11111111111111111111111111111Ἷ
11 1111111 1111 1111111Ι 11111 1111111111 111111111111111. 111 1111111111 11111 pane d'nnnnce 11111111111111111

1111’11111111111ὲ111111’1 111111111111111,11111 111 nn 11111111. Ρ111111111111111, jn 1111 accord·

⁹ σ1111111111111111111111111111111. ὲ w& 11111311 ⁶{ng-nn· 111111 nunqu·

 

