1111 Amnum 11) nomon. 1116

mm comem ¹3 νὴ 4„ 30400 : θ5ιε ,5¹ 55555555, A 15551555 pu 555155555551515155 5555551555 1511111-
m 'mes' Le premier commu 10 uem ueuuis 55 11551ιὸ5 qui 55 5555 5555555515 daus 11 5555551155

5515515555 515 115155 5555515 5555 55555151. Dans 15 se· 111 11111111111115 11 11 11111 1111 11111 111 1111111111·
5555155 5155551555 551 5551 51551 depuis uuucuu. 555155551555555 affaire, 5555 diminues· 11 515155
15111 jusqu'u 55 5511 15515155511551555155155 , 555 1111111 11111111 111111, 11 11111111 1111111111 11111
515 555555 avant sa 11555155. 115 55551151155155551- 11111 1’1111111111111111111 111 11111111 1 11111·
115555 555555 1515155555555555, 55 551155 515 55 mort, 1111111111 1111111111 11111111 111 1111111 1111111
55 qui 15 551511, et les 1155555555 55155 151 1 5555155 1111111111111111111111011111,1111111111111
,5555 0„ 55555555, 555553, 51ιί55ιί55, (1555 11151155 551 5515551515 15 zelo 55111
15 55555515 555555555551515115151155551515,515 1111111111 111 1111115 1111 11111111 11 1111111111· 111
1155111555515555, du 1155515 55 5151151515ςί5, extruimus 1515551515555551511555555551555 15 5115155 5155
ouvrages 515 115155. On 5 5 55151155 15151551555555515 1111115 111111 11111111 111 1111111111, 111 1111111·
55 55515555 51155555ιί555 5111515515555 et historiques 110111111111 1 1111111, 11 111 mnus& 551
555 plusieurs faits upuanuuuu 1 555 histoire, 151- 1111111111· 1111111111111111111’1 1111 1111111111
5551155 55 5115555 55 donner place 51155 15 premiere 1111115 1111 1111111 111111111110111 10115515
5155155155 55 15155 5555155 15 suite 15 1555555. B 515115551111555 555 5155555555551, 11 5115 555515 511-
051 5555551555 laiss& daus 55555 premiere 555515 11111111 1111111111111111111111151111111111
11551155551551551 petits 5551555 de 1155155, 55555 111111111111111111111111111111111111151111111
55551 555 555 15515551155551551555(15 55 515 etde 11111 1111 1111 1111111111 1111111111 1111111 ⁸⁸¹⁶·-
555 55555555 5555555515 qu'uu 155 5515 55 555 en· 11111111·
otuu, 55 qu'ou 5555115 1151115555 15 15155 5555 5115- 1111111111 111 111111111111111115111 11 1111111·
151155 151555555 515 1151555155 5511 duit 55 55555 prin· 1111ζ111111111 11111111111111111111111111111 111111ἱ
(49⁸1. 55115 5 5155515555 grands 55555555 15555515 5555555
1555 15555 re» 5551555 5555 555555155 15 55555515 1111111 1111 11111115 1111111 11111111111111111111·
partie: 55155555551155 555 155 55515555 5155 5551555 1111111 1111 111111111111111 11 pule. 8²⁰⁸ 1111
21¹⁶„14fflq00302 momuxde 5055551555, y 55555 peu. 1515555515 55555 55555, 5555 55 15555555 55 51555515
5555 55551155 iu 15 5551551155 5555 55 555511 55 1111111111» 1111111111111-111111111· 111 111
5555, 5555555151;555555155555 55 dit 515 5551151555555
ou u uu eucouu 5555555555 deux 5555555555 suiuunuuuue. 0¹¹ eu a uuuuuu uuus exemplet.
555 15 1551555 55555115 faire, 55 5 51555155 555 55151 55551555551555 515555555555.1515555551511
155555 : 11 55551555, 555 15551ἰ555551555 5555 5555 C 5155555515 eu 5555555 555 jugement ‚ du 555151 555·
156555555555155 65155155 5555 15555; 15 55555515, 555 55““5 15 15151555551155 555515, ou 1115555551 11
15 5515Ιί5 55 155555 5115555 555555555555515151555 55511ιὲ 515 55155 55 5155555555 51555151 1155155 55111155·
{uuae 5555555 55151 ui 5555515 5555555, 555155 toujours 5555515515115. Et 5555515555 15 55555515, 55 55555551
555 1555555 5515155 515555 15 55511551 555 5555 15155 5515555555 de 15 5551515155 555515, 5 5 15 cardinal
55555515 5155155555151555555555 15155555. Batonius, 551 51555 1555555155 551555 555 11151155
05 55555515 15 55555ἰέ55 5155551155 55515 5155555 1555555 1155 55155 public 55 italie, 55155555 uam
5155 15155 5151555515 115555 551555 55155 venus jus· 555 1555155 555115155515551 115555 u saint 11551515-
5515 uuus 5551555 de 555555 15555 5155555515555 , 55 5155555155 5555 51 doctrine, 55555 51551515ιὲ 55 5555
1 1515151151 d'y 15551155 555 551155 515 11555155 515 15 55555 515 555 55555555.Α51555 55515 55555511 555
155 555555 551 5 555 5155555555 55 uui 555 55 555· 55555 5155 1115155155 515 15 515515 115155 (1155551151
15515555115555515551555 1555 jour. Sion y 1111 5555· 11555) : 151ιὶ515555, diuinos 15555551 51511515 555555555-
5155, 51155 5555155555555155 5155 diguus-uiuus que des nu ese: 15555 51 55555, 155 cumulique· 151555 5555151
5555555555511511515151151555155. 155555555555115155,55 51551 55 515555 55515111
11555 155 15155155, on convient 5551555555 55 555 155555 (ud 55. 5161 : 11151 uidelicet qui uncus 55555-
15555ς 15515 1155 555 55555555555551555 55 uuis 5115551151 55111551 solem: C'ust 1 555515 55511 555
115 5551555 5555551155555 515 15551515 sujel comme 5555 55555555155551555551555111151515 15155555 ·.
15 1555 555555, 5155555 hieu 5115555555 515 1555 55555555115ὀ555ν55 55555555 5151155515 1555 55 555·-
15555555 555 111555555555 515 lu 55551555. 05 51155515 ruge 1551551151515151555115511555 55555515555115115 5151
pu 5555551555555515555 >aus 15155 1555511551 11οέ55. 551555, 51 55111 55111 555515 15 515 5555 sa (1515555. 5

’“”’””“ 555555555555555.

PREMIERE PARTIE.
tivum—Munna.

Ι15555115515555 55 55 1551 155555 5115155 515 1155555555555111115155115555115511551555551
115555 555 555 155 55111565 551 5555515515 5555155 151151555555155155155 du 5151515 11155. ·
5555555555515515 1555 15 munde. 5555 15155Ι 55515 1115511 515155511555555511555151511115.15151551·

 

