1111 Ammon Ao 1101111111. uu

11111111 1101111101,10111111101010111111101 1111011 Α 1100 00 1110010011 11110 10 11101111. si 1011 111111·
0111110110113101110110111111101101111011111011 11111101,’101110111011ἱιη110. τό m Μ Th·
1111111111111111111 111111111111 ..111111111111111111111 11111.

110 01101101ος 1011011, 101011101111111111111110· &observem 1 11 101110. g

1111111110,1 11101110111011010111111 101 11111110· 1111111111οε 00 10111011011111, 111111111ωέ01, 01

1101111 1001 1010 1111111001111011 10 1111011,11 1111 101101111011111101111111 01011101011011111 1011

10 01 et 10 10111011 111111 11111 1111111 0111. 1011011 : 011011 111 101 1011001101 01 11111 11011·
[e 1110 01 0001101, 1011111 1111111111 10 1101101 1101, 01 qui 1011000111ιο 1010111110 00110 10010 111·

1010111110011111111111011111111111011111011 1101111111100101000101. ⁴

0011111111111011 111110110 111111011011. La 1111· Le 101 11101111110111011101 1110 1111100 111011

1101111111011101110. 110100 111 11111111 1111111 01111· 00110111 10 1101110 01 101 1110011110 membru 11

1011011101 1110101111110 Rome, 01, 1111111111 n'y 11111111111001101111111 111001 11010101110111 (Apud

1011111101110 1011 11111111, 11111001 10 11101 100 1311001. 111 01,1’1110111110000101010111111 us

Ι1111 110 101 111001 1111111111, 01111110110011 01101οη1001 10 1011011101100111101001 1011 aire

110101 0110111101111. 1111110110, 111101 10 1101111, 1011101111 1111 101111
11 11011 111 1111 10 deviner 1·οὺ 1011111100111 10 11110 11101001010110 011010 101 0011111101. 1111111

1011011001111000101101101111101101111111111.Ι.01 01 111101111, 1οι11 1111111011 1111111111, 011 1110111

111011·1111100111111110111110110111110111111 1001111. En 101110 100111 ’1110010110 1011111 11

011 1 11110111; 1010101011 11111110 1110111111 00-300111011110110 10 1·οη 111111(1111.1.11. ep. 911.

1011010001 101 10101οὴ10111 1 00111111110110 011101 1110 111 1101 10111οι 11100 qm 101 1011111111111

1“0101110,10111111111111 10111011111 101 0111011111οε. 1111001111101110010101.

Ι111101011111100 1111 011011100011110100110 101 1111101111,10100101 1011011011101,10111001

00011100111110111110 1111110110. (10101111111 1110111111111101110110111 10111001011101111

011010 101 01101110 0011110 11 111111 1101011111101. 111100100110011111,111111111111011 1111111 101

111 00. 1011100 1110 1111010110111 011 10011 10 01· 1111101111, 011101 11111 (1111110110 0111111011111

110100101, 101111000111 1011111 011110 00 1111100 11 1111011111 juges aussi 111110000110111 10 10-

01111 1101 00110 00011101 11111101101011 1111 100- 111001, 1110010111 01101111 11011011011111 111001·

1111, 11 011 0011110 1101111110 1011111101110111111· 101 10110 110111110001010, 1111 111111101101110

1011111011 10 1011111, 011011111110101111111010110 0111111111111 01 1111110 1011110111101 01 10111101 111·

1001111100110101, 01110111111101011011111110110 1111101οο 11 1111011101 1011.

10 11 1111111110 1911 10 81101101110111111, 011 101 8111101100, beau-we 10 Boia, 111 11111111 011·
10110111 11101110001111111;01111110 00 1010111111 111011101101011111111011 (1111. 11. 11). 11101111,
1110 11 1111101110 1010111011 011 111110011110111 1101111011, 01111001, 1101110100, 11 0111110 Arinem

1011 11011111 00 0111. 0111111110 111001 111 11101 1111010 1011 110100, 11
101111110100110101011111111111111111; 11111, 100111111101111011 1110111111 11111 10111 11

0010100 10110111100111111111101οο1 1101101010- 1010111011.

11101110111010111101111001,101010010111010100 . 101 0111111011 0011111001 1101 111 1111111116 111

0111 101011 11011110. 111101 11011 1011 100111 1111 111 11111 10101 1011101
11111111 110 1111110110 101 11111 01 1011011, 01 C 1 0111101; 01,1111111011·110010101110111110011

110110001101101101110101101 1011101 0101010111 1011110111 0111011101001 111100 11001111 011111 011

0111111011 111111111110111011110011111101111 1 1001 101011 10110 1111100111 101 1011 1111611101111111111

101 011011 101010011110101111111111011111111100- 0011011101, 111 110111 101101 1 1111 11010 1110111.

1111111100 1011111110 0111011101 111 1111001111 10111 11101110111111111111 1101 1111001101011111011 11111

101 1110011111101111 01 1110111111 de 10111011 101 1101 1111110.

111011100131011101101111011111 1111110111ᾒο00111111 1Ιὲ ,03111110111118111101 10111οἶ13ΐο1οῗ [1111101 1010111011·

1110Ιὲ81111 ge 13183111ςί01ξιξιηῗεὲηὲοὲιέυιοῶἵῑ 1111111 1111 11151 111011οἛ renna? 1111 1121οἝ331ΐο811ἧ11ἶ

1111 10101100111001 1011 11111, 1110 11011111 100 00111, 01111100 1110110 10 011110110101111 §M

01 100101111011111100111111100011010111011. 1011ος10110110110011111111111111111001 11110110

11 1111111000 10101101011111011101 10 111000 01 1101111101, 0111010 110101, 11011 11111 11101, 11

10101101. 11101111 101 1110111 1110101011 1111110111 111111,
110100, 1001101011111 00 1011 10 00 110 101 10111- 011110 11101110 11111011001110101111 11101101 1111

, 01001 1111110011110100,(91110110111101111111111111 101111010110111011011101111110111111100111-

11 10101111111110111010 111 1010111110111011111 1111101001111111 00 11111111110111 10101111 11111.

101011111011111 1111111011111001010011111 majest} 111. 151.

10110101010111110111000,00110101111111111111· · 1111010110 donna 101 1111011011111 11110 0101·

11ος 100 00 1111111 111111010111 11110 1111 1011011 0110110 10111 01111, mais 01 111 1111111011οα11 111

11101 10 0111. 11 1011011110111001 101 11111 11010101 1011111011111 1101111100. 1. 11, 01. 11). 1001·

11011110011111110111 0111111110 101 111110 ; 110 00110 1111111 11111, 1111110 111 1111111011 01 11111. 11 11111

001111110 1111111111111101111 1111011110 01 1111111 10 10111 10 11011101111111011 1110100,0111111111111011101

0110101111 11 1110110, 011 101 101110110 10110111 111· 111110011111111111111011111101101811111. 1111111. 1,

111111111010011011,1111111100111111 10111 110101 c· 1). 1111111 110 10010110011110 10 1111111110. 111

1011011110110111011. 11 1111111101 01110111 111111- 11000 1110110110101111101, 1011 01 1101111 11111

101 qui 1101100110011111 1011011011010111111011101 1111011110101 1111101. Ce 1111111 avait 11 111011·

aussi 1101011101101111110, 11011111111110111011- 111110111111 10001011 1011011 11 111111οι11 110100

11011111011001101 11 110111011, 111101011 1111 110110 1111181110 01 11 masena 111)οο111111

1111011111 1011101110 1 101 01101111. 1011111 10111 1111110111011 1010111110, 011111 1111111110 1111 11·

10 11101 (111 1111010011 101101111011110 11111100 111101 11 11111101110111111111 11110 001111101111
110111111011011 01110101011100; 11111110110111 101Ι 10101 11011 11111 111110ι 1101001101. 11 0·οη 11111
111111111111111111111111111111 111111111111111111111111111
5¹ ,11110011 111101 10 1011111011 1111111011ιί 1110· b 11111111 1111111 11011001 1011101 11111111111
111111 1011 1110100011 101 111ωο11111, 0011111010 1111110 11111 1100110110 011 y 111 0011101111 1111111·
1111.110.11 1 www

 

